

    15939 



     8987 



     7727 



     6769 



     9935 



     7837 



     8064 



     6095 



     6032 



     8359 



     8977 



     8186 



     8017 



     7762 



     7050 



     7951 



     7650 



     8881 



     6656 



    10286 



     8924 



     6329 



    13396 



     8581 



    11804 



     5930 



    14380 



    10707 



    13754 



    14349 



    16308 



    15108 



    24696 



     6931 



    18082 



    25304 



    30752 



    23929 



    14772 



    20064 



    26654 



    27167 



    15310 



    18178 



    15626 



     7972 



    22352 



    16585 



    15464 



    15992 



    19581 



    14102 



     9923 



    27095 



    29607 



    25553 



    14218 



    14282 



    13399 



    15161 

