

    16210 



    13536 



    10406 



    10156 



     9757 



     9997 



     9350 



    14718 



    12339 



    12937 



    13270 



    16999 



    10367 



    13876 



     9459 



    13524 



     8490 



    12175 



     8319 



    10754 



     8116 



     8205 



     5451 



     8221 



     5552 



    16584 



    32927 



    32233 



    32122 



    15266 



    20981 



    12652 



    18712 



    15295 



    15355 



    23386 



    36877 



    14872 



    25702 



    14620 



    14284 



    10040 



    14926 



    13980 



    15654 



    12840 



    15628 



    15881 



    14636 



    14906 



    13517 



    15929 



    28694 



    14374 



    23363 



    12031 



    27018 



    15080 



    13802 



    14815 

