

    14390 



    10286 



     9937 



    15354 



    11401 



    12805 



    10995 



    13454 



    13978 



    11678 



    12181 



    13969 



    12013 



    11292 



    11664 



    13758 



    10931 



    12765 



    11903 



    10500 



    11197 



    12936 



    11784 



    18695 



    11678 



    15921 



    13297 



    14713 



    16197 



    13046 



    23052 



    38441 



    31616 



    33933 



    36050 



    28682 



    26213 



    24799 



    27291 



    27374 



    29206 



    28742 



   256786 



    51407 



    21422 



    36725 



    19579 



    30037 



    31763 



    32732 



    34285 



    40834 



    29526 



    30084 



    34783 



    29825 



    33440 



    31654 



    36691 



    31495 

