

     9787 



    20181 



     7928 



     8019 



     9971 



    12703 



    14074 



    17529 



    20793 



    11804 



     9221 



    11158 



    11341 



    15057 



     6532 



    12451 



     9071 



    12362 



    14267 



     9870 



     8961 



    20868 



    27043 



     8425 



    10738 



     9711 



     8044 



     8633 



    10582 



    22305 



    27878 



    20350 



    18376 



    16313 



    15073 



    26412 



    16402 



    42605 



    63840 



   125655 



    17603 



    76553 



    27975 



    19856 



    13401 



    25972 



    23084 



    22940 



    23506 



    14065 



    16387 



    18619 



    30203 



    28414 



    15825 



    98510 



    23511 



    15336 



    24405 



    14348 

