

     9406 



    11302 



     7857 



    10074 



     7473 



     8749 



    11522 



    10966 



    12240 



    12947 



     8842 



     9309 



    11867 



    10670 



     9896 



    10417 



    11385 



     8883 



     9609 



    19578 



    10098 



    10594 



    13109 



    10618 



    32089 



    11243 



    10393 



     9216 



    12140 



     8039 



    14201 



    25084 



    29702 



    16226 



    22834 



    27729 



    18580 



    44661 



   181427 



    24892 



    28063 



    13679 



    21676 



    28957 



    20404 



    27625 



    17551 



    29206 



    15908 



    19696 



    20252 



    22833 



    23013 



    18646 



    19310 



    30004 



    18505 



    30850 



    17263 



    27924 

